8917497460
8917383303
8917614499
8917619606
8912783918
8917293702
8917620006
8916975386
8917390231
8917524624
8917550155
8917366443
8917610912
8917606507
8917614204
8917625477
8917609835
8917182779
8917623239
8917586882
8917333163
8916559578
8917011352
8917303684
8917119495
8916640678
8917588903
8915413250
8917615649
8917201074
8917421187
8917119362
8917528120
8917270235
8917596718
8917594892
8916752215
8917619340
8917271289
8915340617
8917612238
8917312139
8917454778
8917378546
8917455904
8917100327
8916993004
8917621713
8917398464
8917575727
8915624852
8917597234
8917474237
8917550047
8831375149
8917454031
8917335979
8917387783
8917200655
8916780983
8916614380
8917602199
8917611217
8916442184
8916254812
8917578601
8917447800
8915433037
8917617470
8917516876
8917593339
8917387345
8916708701
8917532756
8917380910
8917199969
8917599263
8917273392
8917606044
8915239579
8917472013
8917610228
8917595756
8917601409
8917620046
8916964674
8916626291
8915972781
8907118488
8917613691
8917505915
8917323306
8917549323
8917612333
8917575358
8916406815
8912202452
8917588961
8916883694
8917499395
8917349057
8917592141
8917623465
8915935659
8917628546
8917522500
8917318264
8917615495
8916306062
8917555876
8917216622
8917414309
8917208863
8917507190
8917044455
8917573969
8917023662
8917609656
8917026760
8916893285
8917603250
8917613239
8917608548
8916034378
8917594234
8917583429
8892829422
8916734101
8916226606
8917622250
8917455120
8917625372
8917038162
8917342417
8917620069
8917048869
8917626158
8917497800
8917065650
8917316125
8917615635
8917573415
8917414991
8917466280
8916269200
8917543237
8917588530
8915990653
8917617821
8917436950
8917600914
8917531177
8917254022
8917577381
8917072671
8917472269
8916903917
8917422455
8917602276
8917266576
8917604070
8917616847
8916881349
8917609596
8917483131
8917623264
8917575642
8917535919
8917008348
8917042823
8917610754
8917443975
8916930527
8916584710
8917469902
8917339738
8917612500
8917124289
8917620691
8917624823
8917280913
8917585666
8917558277
8917406508
8917075085
8917504401
8917600494
8917358851
8916242400
8917412419
8917623756
8917510563
8917558680
8917110943
8917611021
8917605530
8917111040
8915939180
8917543053
8917403293
8917030494
8917591377
8915386412
8917600328
8917027622
8917623401
8917377732
8917605872
8917617756
8916772605
8917520665
8917612956
8917127563
8917372795
8917586413
8916054998
8917222952
8917401604
8917468535
8917622454
8917607445
8917458383
8917186514
8917533406
8917445517
8916900711
8917601511
8901326164
8917621841
8917259945
8917612842
8917366056
8484247819
8917170698
8916999691
8917405266
8917617471
8910374978
8917608188
8917231509
8917546817
8916552946
8917471927
8917388406
8917528698
8917081770
8917528053
8917623531
8917556523
8917488809
8917263517
8917615341
8917599694
8915474356
8917311988
8917404617
8917590621
8916991581
8917613797
8917118861
8917538518
8917592869
8917419994
8917506213
8917187679
8917589223
8917506075
8917046350
8917618340
8917466498
8916944364
8917450521
8917610418
8917512063
8917043903
8917539673
8917367748
8917613576
8917276788
8917482761
8917003492
8917622697
8917132568
8917194263
8917056005
8915380063
8917393168
8917404330
8917512927
8917579773
8917277249
8917517744
8917620106
8917584068
8916710792
8917021604
8916966763
8917442893
8917624838
8917597392
8917562374
8917199325
8917606990
8917615699
8916934990
8917603387
8914179255
8917317854
8913927304
8917442173
8917198063
8917189016
8917585618
8887597817
8917612276
8917622178
8917339578
8917449427
8916973374
8916731375
8917627490
8917476629
8915809840
8916566269
8916872581
8917487542
8917595419
8917253836
8917537144
8917478035
8917460096
8917604173
8917618708
8916946976
8916574407
8917619338
8917042042
8917447530
8917597428
8917513627
8917510423
8917609899
8917408687
8917574007